   0   0   0   0   0   0   0   0   0   0  63 255 255 255 255 255
   0   0   0   0   0   0   0   0   0   0  63 255 255 255 255 255
   0   0   0   0   0   0   0   0   0   0  63 255 255 255 255 255
   0   0   0   0   0   0   0   0   0   0  63 255 255 255 255 255
   0   0   0   0   0   0   0   0   0   0  63 255 255 255 255 255
   0   0   0   0   0   0   0   0   0   0  31 127 127 127 127 127
   0   0   0   0   0   0   0   0   0   0   0   0   0   0   0   0
   0   0   0   0   0   0   0   0   0   0   0   0   0   0   0   0
   0   0   0   0   0   0   0   0   0   0   0   0   0   0   0   0
   0   0   0   0   0   0   0   0   0   0   0   0   0   0   0   0
   0   0   0   0   0  31  63  63  63  63  63  63  63  63  63  63
   0   0   0   0   0 127 255 255 255 255 255 255 255 255 255 255
   0   0   0   0   0 127 255 255 255 255 255 255 255 255 255 255
   0   0   0   0   0 127 255 255 255 255 255 255 255 255 255 255
   0   0   0   0   0 127 255 255 255 255 255 255 255 255 255 255
   0   0   0   0   0 127 255 255 255 255 255 255 255 255 255 255
   0   0   0   0   0   0   0   0   0   0  63 255 255 255 255 255
   0   0   0   0   0   0   0   0   0   0  63 255 255 255 255 255
   0   0   0   0   0   0   0   0   0   0  63 255 255 255 255 255
   0   0   0   0   0   0   0   0   0   0  63 255 255 255 255 255
   0   0   0   0   0   0   0   0   0   0  63 255 255 255 255 255
   0   0   0   0   0   0   0   0   0   0  31 127 127 127 127 127
   0   0   0   0   0   0   0   0   0   0   0   0   0   0   0   0
   0   0   0   0   0   0   0   0   0   0   0   0   0   0   0   0
   0   0   0   0   0   0   0   0   0   0   0   0   0   0   0   0
   0   0   0   0   0   0   0   0   0   0   0   0   0   0   0   0
   0   0   0   0   0  31  63  63  63  63  63  63  63  63  63  63
   0   0   0   0   0 127 255 255 255 255 255 255 255 255 255 255
   0   0   0   0   0 127 255 255 255 255 255 255 255 255 255 255
   0   0   0   0   0 127 255 255 255 255 255 255 255 255 255 255
   0   0   0   0   0 127 255 255 255 255 255 255 255 255 255 255
   0   0   0   0   0 127 255 255 255 255 255 255 255 255 255 255
   0   0   0   0   0   0   0   0   0   0  63 255 255 255 255 255
   0   0   0   0   0   0   0   0   0   0  63 255 255 255 255 255
   0   0   0   0   0   0   0   0   0   0  63 255 255 255 255 255
   0   0   0   0   0   0   0   0   0   0  63 255 255 255 255 255
   0   0   0   0   0   0   0   0   0   0  63 255 255 255 255 255
   0   0   0   0   0   0   0   0   0   0  31 127 127 127 127 127
   0   0   0   0   0   0   0   0   0   0   0   0   0   0   0   0
   0   0   0   0   0   0   0   0   0   0   0   0   0   0   0   0
   0   0   0   0   0   0   0   0   0   0   0   0   0   0   0   0
   0   0   0   0   0   0   0   0   0   0   0   0   0   0   0   0
   0   0   0   0   0  31  63  63  63  63  63  63  63  63  63  63
   0   0   0   0   0 127 255 255 255 255 255 255 255 255 255 255
   0   0   0   0   0 127 255 255 255 255 255 255 255 255 255 255
   0   0   0   0   0 127 255 255 255 255 255 255 255 255 255 255
   0   0   0   0   0 127 255 255 255 255 255 255 255 255 255 255
   0   0   0   0   0 127 255 255 255 255 255 255 255 255 255 255

 255 255 255 255 255 127   0   0   0   0  63 255 255 255 255 255
 255 255 255 255 255 127   0   0   0   0  63 255 255 255 255 255
 255 255 255 255 255 127   0   0   0   0  63 255 255 255 255 255
 255 255 255 255 255 127   0   0   0   0  63 255 255 255 255 255
 255 255 255 255 255 127   0   0   0   0  63 255 255 255 255 255
  63  63  63  63  63  31   0   0   0   0  63 255 255 255 255 255
   0   0   0   0   0   0   0   0   0   0  63 255 255 255 255 255
   0   0   0   0   0   0   0   0   0   0  63 255 255 255 255 255
   0   0   0   0   0   0   0   0   0   0  63 255 255 255 255 255
   0   0   0   0   0   0   0   0   0   0  63 255 255 255 255 255
   0   0   0   0   0   0   0   0   0   0  31 127 127 127 127 127
   0   0   0   0   0   0   0   0   0   0   0   0   0   0   0   0
   0   0   0   0   0   0   0   0   0   0   0   0   0   0   0   0
   0   0   0   0   0   0   0   0   0   0   0   0   0   0   0   0
   0   0   0   0   0   0   0   0   0   0   0   0   0   0   0   0
   0   0   0   0   0   0   0   0   0   0   0   0   0   0   0   0
 255 255 255 255 255 127   0   0   0   0  63 255 255 255 255 255
 255 255 255 255 255 127   0   0   0   0  63 255 255 255 255 255
 255 255 255 255 255 127   0   0   0   0  63 255 255 255 255 255
 255 255 255 255 255 127   0   0   0   0  63 255 255 255 255 255
 255 255 255 255 255 127   0   0   0   0  63 255 255 255 255 255
  63  63  63  63  63  31   0   0   0   0  63 255 255 255 255 255
   0   0   0   0   0   0   0   0   0   0  63 255 255 255 255 255
   0   0   0   0   0   0   0   0   0   0  63 255 255 255 255 255
   0   0   0   0   0   0   0   0   0   0  63 255 255 255 255 255
   0   0   0   0   0   0   0   0   0   0  63 255 255 255 255 255
   0   0   0   0   0   0   0   0   0   0  31 127 127 127 127 127
   0   0   0   0   0   0   0   0   0   0   0   0   0   0   0   0
   0   0   0   0   0   0   0   0   0   0   0   0   0   0   0   0
   0   0   0   0   0   0   0   0   0   0   0   0   0   0   0   0
   0   0   0   0   0   0   0   0   0   0   0   0   0   0   0   0
   0   0   0   0   0   0   0   0   0   0   0   0   0   0   0   0
 255 255 255 255 255 127   0   0   0   0  63 255 255 255 255 255
 255 255 255 255 255 127   0   0   0   0  63 255 255 255 255 255
 255 255 255 255 255 127   0   0   0   0  63 255 255 255 255 255
 255 255 255 255 255 127   0   0   0   0  63 255 255 255 255 255
 255 255 255 255 255 127   0   0   0   0  63 255 255 255 255 255
  63  63  63  63  63  31   0   0   0   0  63 255 255 255 255 255
   0   0   0   0   0   0   0   0   0   0  63 255 255 255 255 255
   0   0   0   0   0   0   0   0   0   0  63 255 255 255 255 255
   0   0   0   0   0   0   0   0   0   0  63 255 255 255 255 255
   0   0   0   0   0   0   0   0   0   0  63 255 255 255 255 255
   0   0   0   0   0   0   0   0   0   0  31 127 127 127 127 127
   0   0   0   0   0   0   0   0   0   0   0   0   0   0   0   0
   0   0   0   0   0   0   0   0   0   0   0   0   0   0   0   0
   0   0   0   0   0   0   0   0   0   0   0   0   0   0   0   0
   0   0   0   0   0   0   0   0   0   0   0   0   0   0   0   0
   0   0   0   0   0   0   0   0   0   0   0   0   0   0   0   0

 255 255 255 255 255 255 255 255 255 255 127   0   0   0   0   0
 255 255 255 255 255 255 255 255 255 255 127   0   0   0   0   0
 255 255 255 255 255 255 255 255 255 255 127   0   0   0   0   0
 255 255 255 255 255 255 255 255 255 255 127   0   0   0   0   0
 255 255 255 255 255 255 255 255 255 255 127   0   0   0   0   0
  63  63  63  63  63  63  63  63  63  63  31   0   0   0   0   0
   0   0   0   0   0   0   0   0   0   0   0   0   0   0   0   0
   0   0   0   0   0   0   0   0   0   0   0   0   0   0   0   0
   0   0   0   0   0   0   0   0   0   0   0   0   0   0   0   0
   0   0   0   0   0   0   0   0   0   0   0   0   0   0   0   0
 127 127 127 127 127  31   0   0   0   0   0   0   0   0   0   0
 255 255 255 255 255  63   0   0   0   0   0   0   0   0   0   0
 255 255 255 255 255  63   0   0   0   0   0   0   0   0   0   0
 255 255 255 255 255  63   0   0   0   0   0   0   0   0   0   0
 255 255 255 255 255  63   0   0   0   0   0   0   0   0   0   0
 255 255 255 255 255  63   0   0   0   0   0   0   0   0   0   0
 255 255 255 255 255 255 255 255 255 255 127   0   0   0   0   0
 255 255 255 255 255 255 255 255 255 255 127   0   0   0   0   0
 255 255 255 255 255 255 255 255 255 255 127   0   0   0   0   0
 255 255 255 255 255 255 255 255 255 255 127   0   0   0   0   0
 255 255 255 255 255 255 255 255 255 255 127   0   0   0   0   0
  63  63  63  63  63  63  63  63  63  63  31   0   0   0   0   0
   0   0   0   0   0   0   0   0   0   0   0   0   0   0   0   0
   0   0   0   0   0   0   0   0   0   0   0   0   0   0   0   0
   0   0   0   0   0   0   0   0   0   0   0   0   0   0   0   0
   0   0   0   0   0   0   0   0   0   0   0   0   0   0   0   0
 127 127 127 127 127  31   0   0   0   0   0   0   0   0   0   0
 255 255 255 255 255  63   0   0   0   0   0   0   0   0   0   0
 255 255 255 255 255  63   0   0   0   0   0   0   0   0   0   0
 255 255 255 255 255  63   0   0   0   0   0   0   0   0   0   0
 255 255 255 255 255  63   0   0   0   0   0   0   0   0   0   0
 255 255 255 255 255  63   0   0   0   0   0   0   0   0   0   0
 255 255 255 255 255 255 255 255 255 255 127   0   0   0   0   0
 255 255 255 255 255 255 255 255 255 255 127   0   0   0   0   0
 255 255 255 255 255 255 255 255 255 255 127   0   0   0   0   0
 255 255 255 255 255 255 255 255 255 255 127   0   0   0   0   0
 255 255 255 255 255 255 255 255 255 255 127   0   0   0   0   0
  63  63  63  63  63  63  63  63  63  63  31   0   0   0   0   0
   0   0   0   0   0   0   0   0   0   0   0   0   0   0   0   0
   0   0   0   0   0   0   0   0   0   0   0   0   0   0   0   0
   0   0   0   0   0   0   0   0   0   0   0   0   0   0   0   0
   0   0   0   0   0   0   0   0   0   0   0   0   0   0   0   0
 127 127 127 127 127  31   0   0   0   0   0   0   0   0   0   0
 255 255 255 255 255  63   0   0   0   0   0   0   0   0   0   0
 255 255 255 255 255  63   0   0   0   0   0   0   0   0   0   0
 255 255 255 255 255  63   0   0   0   0   0   0   0   0   0   0
 255 255 255 255 255  63   0   0   0   0   0   0   0   0   0   0
 255 255 255 255 255  63   0   0   0   0   0   0   0   0   0   0

   0   0   0   0   0   0   0   0   0   0   0   0   0   0   0   0
   0   0   0   0   0   0   0   0   0   0   0   0   0   0   0   0
   0   0   0   0   0   0   0   0   0   0   0   0   0   0   0   0
   0   0   0   0   0   0   0   0   0   0   0   0   0   0   0   0
   0   0   0   0   0   0   0   0   0   0   0   0   0   0   0   0
 127 127 127 127 127  31   0   0   0   0   0   0   0   0   0   0
 255 255 255 255 255  63   0   0   0   0   0   0   0   0   0   0
 255 255 255 255 255  63   0   0   0   0   0   0   0   0   0   0
 255 255 255 255 255  63   0   0   0   0   0   0   0   0   0   0
 255 255 255 255 255  63   0   0   0   0   0   0   0   0   0   0
 255 255 255 255 255  63   0   0   0   0  31  63  63  63  63  63
 255 255 255 255 255  63   0   0   0   0 127 255 255 255 255 255
 255 255 255 255 255  63   0   0   0   0 127 255 255 255 255 255
 255 255 255 255 255  63   0   0   0   0 127 255 255 255 255 255
 255 255 255 255 255  63   0   0   0   0 127 255 255 255 255 255
 255 255 255 255 255  63   0   0   0   0 127 255 255 255 255 255
   0   0   0   0   0   0   0   0   0   0   0   0   0   0   0   0
   0   0   0   0   0   0   0   0   0   0   0   0   0   0   0   0
   0   0   0   0   0   0   0   0   0   0   0   0   0   0   0   0
   0   0   0   0   0   0   0   0   0   0   0   0   0   0   0   0
   0   0   0   0   0   0   0   0   0   0   0   0   0   0   0   0
 127 127 127 127 127  31   0   0   0   0   0   0   0   0   0   0
 255 255 255 255 255  63   0   0   0   0   0   0   0   0   0   0
 255 255 255 255 255  63   0   0   0   0   0   0   0   0   0   0
 255 255 255 255 255  63   0   0   0   0   0   0   0   0   0   0
 255 255 255 255 255  63   0   0   0   0   0   0   0   0   0   0
 255 255 255 255 255  63   0   0   0   0  31  63  63  63  63  63
 255 255 255 255 255  63   0   0   0   0 127 255 255 255 255 255
 255 255 255 255 255  63   0   0   0   0 127 255 255 255 255 255
 255 255 255 255 255  63   0   0   0   0 127 255 255 255 255 255
 255 255 255 255 255  63   0   0   0   0 127 255 255 255 255 255
 255 255 255 255 255  63   0   0   0   0 127 255 255 255 255 255
   0   0   0   0   0   0   0   0   0   0   0   0   0   0   0   0
   0   0   0   0   0   0   0   0   0   0   0   0   0   0   0   0
   0   0   0   0   0   0   0   0   0   0   0   0   0   0   0   0
   0   0   0   0   0   0   0   0   0   0   0   0   0   0   0   0
   0   0   0   0   0   0   0   0   0   0   0   0   0   0   0   0
 127 127 127 127 127  31   0   0   0   0   0   0   0   0   0   0
 255 255 255 255 255  63   0   0   0   0   0   0   0   0   0   0
 255 255 255 255 255  63   0   0   0   0   0   0   0   0   0   0
 255 255 255 255 255  63   0   0   0   0   0   0   0   0   0   0
 255 255 255 255 255  63   0   0   0   0   0   0   0   0   0   0
 255 255 255 255 255  63   0   0   0   0  31  63  63  63  63  63
 255 255 255 255 255  63   0   0   0   0 127 255 255 255 255 255
 255 255 255 255 255  63   0   0   0   0 127 255 255 255 255 255
 255 255 255 255 255  63   0   0   0   0 127 255 255 255 255 255
 255 255 255 255 255  63   0   0   0   0 127 255 255 255 255 255
 255 255 255 255 255  63   0   0   0   0 127 255 255 255 255 255

