  29 160 173 153 175 174 174 174 174 173 175 176 151 175 132  21
 143 174 173 174 174 175 173 174 174 174 173 173 175 175 175 127
 132 174 173 173 173 174 173 174 173 173 173 173 173 173 171  92
  19 169 172 173 172 172 173 173 174 175 174 173 171 166 145  39
 163 154  38  91 161 169 170 172 172 171 171 148  73  50 174 172
 173 161  50  14  28 107 166 170 170 153  78  21  16  78 171 173
 171 170 166 109  30  14  39  75  77  24  15  52 135 172 169 171
 168 169 169 169 160  88  17  14  13  41 125 171 172 170 169 169
 169 168 168 167 168 167 109  17  40 160 171 172 168 168 170 169
 168 167 166 167 168 167 168 155 163 167 167 167 166 167 168 168
 166 166 166 166 166 165 165 165 166 165 165 165 165 166 167 167
 120 166 164 165 165 165 163 164 163 164 164 163 164 165 162 110
  24 159 164 164 164 163 163 163 163 163 163 164 166 165 151  33
 155 165 164 162 162 163 163 163 163 163 166 168 168 167 166 152
 101 166 163 163 163 162 162 163 165 167 168 167 166 166 162  61
  11  99 162 109 162 163 162 162 164 165 164 167  84 153  53  13
  40 162 175 155 175 174 174 174 175 174 174 174 152 175 135  28
 146 174 174 174 174 173 173 173 174 174 174 174 174 174 174 128
 135 174 173 173 174 174 174 174 174 174 174 174 174 174 170  92
  30 170 174 173 173 173 174 174 174 173 174 174 171 168 147  46
 165 153  41  94 163 172 173 172 172 172 171 149  75  55 174 173
 173 160  53  20  33 109 168 172 170 155  81  24  21  84 173 173
 170 171 170 113  35  19  44  78  80  27  21  60 138 172 173 172
 170 170 170 170 163  93  23  18  19  48 129 169 170 171 172 172
 170 170 169 170 170 169 112  21  47 164 169 171 171 171 171 172
 170 168 168 169 169 169 169 157 166 170 170 169 169 170 170 171
 168 168 168 168 168 168 168 167 168 168 167 167 167 167 168 170
 123 168 167 166 166 166 165 166 166 166 166 166 167 167 163 112
  37 164 167 166 166 166 165 165 165 166 166 166 169 168 153  37
 158 166 166 166 165 164 164 165 165 165 166 169 169 169 168 153
 105 165 165 166 166 164 164 165 167 167 168 168 167 167 165  63
  19 104 163 113 165 165 165 163 165 166 166 168  87 154  55  18
  30 154 165 142 163 163 163 163 163 163 163 162 140 163 122  20
 137 163 164 163 163 163 164 163 163 163 163 163 163 163 163 117
 126 163 163 163 163 163 163 163 162 162 162 162 162 162 160  83
  21 160 163 162 162 161 161 162 162 163 161 162 159 158 136  32
 156 145  30  85 153 161 162 162 162 162 163 140  63  43 165 164
 161 151  44  12  25 100 159 160 159 145  70  15  14  75 164 163
 161 161 159 103  28  13  37  71  72  18  15  53 130 163 162 162
 161 161 160 161 154  85  17  13  13  40 120 161 161 162 161 162
 161 159 160 158 157 159 104  14  40 153 158 160 159 159 159 160
 158 158 158 158 158 158 159 148 157 157 157 157 157 158 158 159
 157 158 158 158 156 156 156 157 156 155 156 155 157 159 159 158
 111 156 156 157 156 155 155 154 154 153 153 154 156 157 153  98
  24 152 155 155 155 153 154 155 156 154 154 154 155 155 141  24
 147 155 153 153 153 155 154 155 155 155 156 156 156 155 155 143
  96 156 155 152 153 156 155 154 153 155 155 155 157 155 153  54
  12  96 154 101 153 155 156 155 155 155 153 155  76 144  46  11

  21 127  92  39 172 173 171 169 169 168 167 110  33 152  61  13
 132 175 171 145 174 171 169 169 170 168 167 162 151 166 162  53
 175 175 173 166  50  78 172 170 168 167 166 165 165 167 166 153
 151 175 173 171  73  16 135 172 168 166 165 164 166 168 166  84
 176 173 173 173 148  21  52 171 172 167 165 163 164 168 167 167
 175 173 173 174 171  78  15 125 171 167 165 164 163 166 168 164
 173 174 173 175 171 153  24  41 160 167 165 164 163 163 167 165
 174 174 173 174 172 170  77  13  40 163 166 163 163 163 165 164
 174 174 174 173 172 170  75  14  17 155 165 164 163 163 163 162
 174 173 173 173 170 166  39  17 109 168 165 163 163 163 162 162
 174 175 174 172 169 107  14  88 167 167 165 165 163 163 162 163
 175 174 173 172 161  28  30 160 168 168 166 165 164 162 163 162
 153 174 173 173  91  14 109 169 167 167 166 165 164 162 163 109
 173 173 173 172  38  50 166 169 168 166 166 164 164 164 163 162
 160 174 174 169 154 161 170 169 168 167 166 166 159 165 166  99
  29 143 132  19 163 173 171 168 169 168 166 120  24 155 101  11
  28 128  92  46 173 173 172 172 172 171 170 112  37 153  63  18
 135 174 170 147 174 173 173 172 171 170 168 163 153 168 165  55
 175 174 174 168  55  84 172 171 171 170 167 167 168 169 167 154
 152 174 174 171  75  21 138 170 171 169 167 167 169 169 167  87
 174 174 174 174 149  24  60 169 171 169 167 166 166 169 168 168
 174 174 174 174 171  81  21 129 169 170 167 166 166 166 168 166
 174 174 174 173 172 155  27  48 164 170 168 166 166 165 167 166
 175 174 174 174 172 170  80  19  47 166 168 166 165 165 167 165
 174 173 174 174 172 172  78  18  21 157 167 166 165 165 165 163
 174 173 174 174 173 168  44  23 112 169 168 165 165 164 164 165
 174 173 174 173 172 109  19  93 169 169 168 166 166 164 164 165
 175 174 174 173 163  33  35 163 170 169 168 166 166 165 166 165
 155 174 173 173  94  20 113 170 170 169 168 166 166 166 166 113
 175 174 173 174  41  53 170 170 169 168 168 167 167 166 165 163
 162 174 174 170 153 160 171 170 170 168 168 168 164 166 165 104
  40 146 135  30 165 173 170 170 170 170 168 123  37 158 105  19
  20 117  83  32 164 163 162 162 160 159 158  98  24 143  54  11
 122 163 160 136 165 164 162 161 159 158 159 153 141 155 153  46
 163 163 162 158  43  75 163 162 159 158 159 157 155 155 155 144
 140 163 162 159  63  14 130 161 159 157 157 156 155 156 157  76
 162 163 162 162 140  15  53 161 160 157 155 154 154 156 155 155
 163 163 162 161 163  70  15 120 158 157 156 153 154 156 155 153
 163 163 162 163 162 145  18  40 153 157 155 153 154 155 155 155
 163 163 162 162 162 159  72  13  40 157 156 154 156 155 153 155
 163 163 163 162 162 160  71  13  14 148 157 154 155 155 154 155
 163 164 163 161 162 159  37  17 104 159 156 155 154 154 155 156
 163 163 163 161 161 100  13  85 159 158 156 155 153 155 156 155
 163 163 163 162 153  25  28 154 157 158 156 156 155 153 153 153
 142 163 163 162  85  12 103 161 158 158 158 157 155 153 152 101
 165 164 163 163  30  44 159 160 160 158 158 156 155 153 155 154
 154 163 163 160 145 151 161 161 159 158 158 156 152 155 156  96
  30 137 126  21 156 161 161 161 161 158 157 111  24 147  96  12

  13  53 153  84 167 164 165 164 162 162 163 162 109 162  99  11
  61 162 166 166 167 168 167 165 163 162 162 163 163 163 166 101
 152 166 167 168 168 166 163 163 163 163 163 162 162 164 165 155
  33 151 165 166 164 163 163 163 163 163 163 164 164 164 159  24
 110 162 165 164 163 164 164 163 164 163 165 165 165 164 166 120
 167 167 166 165 165 165 165 166 165 165 165 166 166 166 166 166
 168 168 167 166 167 167 167 163 155 168 167 168 167 166 167 168
 169 170 168 168 172 171 160  40  17 109 167 168 167 168 168 169
 169 169 170 172 171 125  41  13  14  17  88 160 169 169 169 168
 171 169 172 135  52  15  24  77  75  39  14  30 109 166 170 171
 173 171  78  16  21  78 153 170 170 166 107  28  14  50 161 173
 172 174  50  73 148 171 171 172 172 170 169 161  91  38 154 163
  39 145 166 171 173 174 175 174 173 173 172 172 173 172 169  19
  92 171 173 173 173 173 173 173 174 173 174 173 173 173 174 132
 127 175 175 175 173 173 174 174 174 173 175 174 174 173 174 143
  21 132 175 151 176 175 173 174 174 174 174 175 153 173 160  29
  18  55 154  87 168 166 166 165 163 165 165 165 113 163 104  19
  63 165 167 167 168 168 167 167 165 164 164 166 166 165 165 105
 153 168 169 169 169 166 165 165 165 164 164 165 166 166 166 158
  37 153 168 169 166 166 166 165 165 165 166 166 166 167 164  37
 112 163 167 167 166 166 166 166 166 165 166 166 166 167 168 123
 170 168 167 167 167 167 168 168 167 168 168 168 168 168 168 168
 171 170 170 169 169 170 170 166 157 169 169 169 169 168 168 170
 172 171 171 171 171 169 164  47  21 112 169 170 170 169 170 170
 172 172 171 170 169 129  48  19  18  23  93 163 170 170 170 170
 172 173 172 138  60  21  27  80  78  44  19  35 113 170 171 170
 173 173  84  21  24  81 155 170 172 168 109  33  20  53 160 173
 173 174  55  75 149 171 172 172 172 173 172 163  94  41 153 165
  46 147 168 171 174 174 173 174 174 174 173 173 173 174 170  30
  92 170 174 174 174 174 174 174 174 174 174 174 173 173 174 135
 128 174 174 174 174 174 174 174 173 173 173 174 174 174 174 146
  28 135 175 152 174 174 174 175 174 174 174 175 155 175 162  40
  11  46 144  76 155 153 155 155 155 156 155 153 101 154  96  12
  54 153 155 157 155 155 155 153 154 155 156 153 152 155 156  96
 143 155 155 156 156 156 155 155 155 154 155 153 153 153 155 147
  24 141 155 155 154 154 154 156 155 154 153 155 155 155 152  24
  98 153 157 156 154 153 153 154 154 155 155 156 157 156 156 111
 158 159 159 157 155 156 155 156 157 156 156 156 158 158 158 157
 159 158 158 157 157 157 157 157 148 159 158 158 158 158 158 158
 160 159 159 159 160 158 153  40  14 104 159 157 158 160 159 161
 162 161 162 161 161 120  40  13  13  17  85 154 161 160 161 161
 162 162 163 130  53  15  18  72  71  37  13  28 103 159 161 161
 163 164  75  14  15  70 145 159 160 159 100  25  12  44 151 161
 164 165  43  63 140 163 162 162 162 162 161 153  85  30 145 156
  32 136 158 159 162 161 163 162 162 161 161 162 162 163 160  21
  83 160 162 162 162 162 162 162 163 163 163 163 163 163 163 126
 117 163 163 163 163 163 163 163 163 164 163 163 163 164 163 137
  20 122 163 140 162 163 163 163 163 163 163 163 142 165 154  30

  11 101 155  24 120 166 168 169 168 171 173 163  19 132 143  29
  99 166 165 159 166 166 167 168 169 170 161 154 169 174 174 160
 162 163 164 164 164 166 166 168 169 166  50  38 172 173 173 173
 109 163 162 164 165 166 167 167 169 109  14  91 173 173 174 153
 162 163 162 164 165 166 168 168 160  30  28 161 172 173 174 175
 163 162 163 163 165 165 167 167  88  14 107 169 172 174 175 174
 162 162 163 163 163 165 168 109  17  39 166 170 173 173 173 174
 162 163 163 163 164 165 155  17  14  75 170 172 173 174 174 174
 164 165 163 163 163 166 163  40  13  77 170 172 174 173 174 174
 165 167 163 163 164 165 167 160  41  24 153 171 175 173 174 173
 164 168 166 163 164 165 167 171 125  15  78 171 174 173 173 175
 167 167 168 164 163 165 167 172 171  52  21 148 173 173 173 176
  84 166 168 166 164 165 166 168 172 135  16  73 171 173 175 151
 153 166 167 165 165 166 167 168 170 172  78  50 166 173 175 175
  53 162 166 151 162 167 168 170 169 169 171 174 145 171 175 132
  13  61 152  33 110 167 168 169 169 171 173 172  39  92 127  21
  19 105 158  37 123 168 170 170 170 170 173 165  30 135 146  40
 104 165 166 164 168 168 168 170 170 171 160 153 170 174 174 162
 163 165 166 167 167 168 168 169 170 170  53  41 174 173 174 175
 113 166 166 166 166 168 169 170 170 113  20  94 173 173 174 155
 165 166 165 166 166 168 169 170 163  35  33 163 173 174 174 175
 165 164 164 166 166 168 169 169  93  19 109 172 173 174 173 174
 165 164 164 165 165 168 169 112  23  44 168 173 174 174 173 174
 163 165 165 165 166 167 157  21  18  78 172 172 174 174 173 174
 165 167 165 165 166 168 166  47  19  80 170 172 174 174 174 175
 166 167 165 166 166 168 170 164  48  27 155 172 173 174 174 174
 166 168 166 166 166 167 170 169 129  21  81 171 174 174 174 174
 168 168 169 166 166 167 169 171 169  60  24 149 174 174 174 174
  87 167 169 169 167 167 169 171 170 138  21  75 171 174 174 152
 154 167 169 168 167 167 170 171 171 172  84  55 168 174 174 175
  55 165 168 153 163 168 170 171 172 173 173 174 147 170 174 135
  18  63 153  37 112 170 171 172 172 172 173 173  46  92 128  28
  12  96 147  24 111 157 158 161 161 161 161 156  21 126 137  30
  96 156 155 152 156 158 158 159 161 161 151 145 160 163 163 154
 154 155 153 155 156 158 158 160 160 159  44  30 163 163 164 165
 101 152 153 155 157 158 158 158 161 103  12  85 162 163 163 142
 153 153 153 155 156 156 158 157 154  28  25 153 162 163 163 163
 155 156 155 153 155 156 158 159  85  13 100 161 161 163 163 163
 156 155 154 154 155 156 159 104  17  37 159 162 161 163 164 163
 155 154 155 155 154 157 148  14  13  71 160 162 162 163 163 163
 155 153 155 156 154 156 157  40  13  72 159 162 162 162 163 163
 155 155 155 154 153 155 157 153  40  18 145 162 163 162 163 163
 153 155 156 154 153 156 157 158 120  15  70 163 161 162 163 163
 155 155 156 154 154 155 157 160 161  53  15 140 162 162 163 162
  76 157 156 155 156 157 157 159 161 130  14  63 159 162 163 140
 144 155 155 155 157 159 158 159 162 163  75  43 158 162 163 163
  46 153 155 141 153 159 158 159 161 162 164 165 136 160 163 122
  11  54 143  24  98 158 159 160 162 162 163 164  32  83 117  20

