 159 139  40   8   9  35  81  57  44  78  43  13  10  31 134 159
 144  25  10  30  66 161 161 111  93 160 159  69  40  10  18 135
  39  11  54 154 138 161 161 161 161 161 160 140 154  60  11  32
  10  25 148 162 162 162 162 162 161 162 161 161 161 158  33  11
   9  43  60 161 161 163 162 162 162 162 162 161 161  76  38  12
  33 158 150  96  63 140 162 161 161 161 142  69  87 147 156  53
  73 161 162 140  52  10  77 138 146  78  22  47 127 161 162 106
  62 134 163 162 161 119  44  10  10  33 112 159 161 162 147  86
  69 150 163 162 162 162 158  55  49 151 162 161 161 161 160 112
  64 162 162 162 162 162 162 161 161 161 161 162 161 161 161 105
  32 152 136 163 162 162 162 162 162 161 161 161 160 131 143  62
  10  28  76 161 162 162 162 162 162 161 161 161 160  88  18  14
  11  20 151 161 161 161 162 162 161 161 161 161 161 154  43  10
  46  12  43 149 138 161 161 160 160 160 160 131 147  46  11  25
 142  31  11  31  58 157 161  98 101 161 159  66  27  11  23 131
 162 141  44  11  10  37  74  46  48  72  28  11  11  44 134 162
 160 142  48  16  16  43  88  61  50  84  49  19  16  39 138 161
 146  31  16  38  72 162 163 114 100 162 161  77  44  16  26 139
  41  15  62 156 141 163 164 163 163 163 162 145 156  64  16  38
  15  31 150 164 164 164 164 164 165 164 162 163 163 159  36  16
  15  49  68 163 163 163 164 164 164 164 163 163 162  81  45  18
  40 162 152 100  69 142 164 164 164 164 145  73  91 151 158  57
  80 164 164 144  59  19  84 142 150  83  30  55 133 165 164 110
  70 139 164 165 164 124  51  18  18  43 119 162 165 165 150  94
  78 155 165 165 165 164 161  62  59 155 164 164 165 164 162 116
  73 164 165 165 165 164 164 164 163 164 164 164 164 164 163 106
  41 154 140 164 165 164 164 165 164 164 164 165 162 136 147  64
  15  33  84 164 165 164 164 164 164 164 165 163 163  95  26  18
  16  26 152 164 163 164 164 164 163 162 164 163 163 155  47  16
  49  16  51 151 141 162 165 163 163 163 163 134 149  51  16  31
 143  34  16  36  65 160 165 104 109 162 161  72  33  16  31 137
 164 144  50  17  17  44  79  51  54  79  33  17  17  52 139 165
 155 135  41  10  10  37  82  56  44  78  44  13  11  32 131 154
 141  25  10  32  67 157 157 108  94 156 155  69  39  11  19 133
  36  11  57 152 137 159 158 158 157 158 158 139 150  59  11  32
  11  26 145 158 159 159 158 158 157 158 159 157 158 152  32  12
  11  45  62 156 157 159 158 158 159 156 158 158 158  75  41  13
  36 156 146  95  64 137 157 157 157 155 137  68  85 145 152  52
  74 157 158 137  55  12  75 133 141  75  24  49 127 156 156 102
  64 131 157 157 154 118  45  12  12  36 113 154 155 156 141  86
  73 147 156 157 157 157 155  56  53 147 158 156 156 157 155 110
  67 156 156 156 157 158 157 157 157 157 157 157 157 155 156 102
  34 146 132 157 156 157 158 156 157 158 157 156 157 129 140  61
  11  28  79 157 157 157 156 157 157 156 156 157 156  89  21  15
  11  22 147 157 159 157 156 158 158 159 157 156 155 149  42  11
  44  12  46 144 133 156 156 155 155 156 155 126 142  44  12  27
 137  30  11  32  59 152 157  96 100 156 153  64  27  11  25 131
 156 136  44  12  11  36  70  43  47  71  27  11  11  46 132 156

 159 135  32  11  12  53 106  86 112 105  62  14  10  25 131 162
 134  18  11  33  38 156 162 147 160 161 143  18  43  11  23 134
  31  10  60 158  76 147 161 162 161 161 131  88 154  46  11  44
  10  40 154 161 161  87 127 161 161 161 160 160 161 147  27  11
  13  69 140 161 161  69  47 159 161 162 161 161 161 131  66  11
  43 159 160 161 162 142  22 112 162 161 161 161 161 160 159  28
  78 160 161 162 162 161  78  33 151 161 161 161 161 160 161  72
  44  93 161 161 162 161 146  10  49 161 162 162 161 160 101  48
  57 111 161 162 162 161 138  10  55 161 162 162 162 160  98  46
  81 161 161 162 162 162  77  44 158 162 162 162 162 161 161  74
  35 161 161 162 163 140  10 119 162 162 162 162 161 161 157  37
   9  66 138 162 161  63  52 161 162 162 162 162 161 138  58  10
   8  30 154 162 161  96 140 162 162 162 163 161 161 149  31  11
  40  10  54 148  60 150 162 163 163 162 136  76 151  43  11  44
 139  25  11  25  43 158 161 134 150 162 152  28  20  12  31 141
 159 144  39  10   9  33  73  62  69  64  32  10  11  46 142 162
 161 139  38  16  18  57 110  94 116 106  64  18  16  31 137 165
 138  26  16  36  45 158 164 150 162 163 147  26  47  16  31 139
  39  16  64 159  81 151 165 165 164 164 136  95 155  51  16  52
  16  44 156 163 162  91 133 165 165 164 162 163 163 149  33  17
  19  77 145 163 163  73  55 162 164 164 165 163 163 134  72  17
  49 161 162 162 163 145  30 119 164 164 164 165 164 163 161  33
  84 162 163 164 164 164  83  43 155 164 164 164 162 163 162  79
  50 100 163 165 164 164 150  18  59 163 164 164 163 163 109  54
  61 114 163 164 164 164 142  18  62 164 165 164 164 163 104  51
  88 163 164 164 164 164  84  51 161 164 164 164 164 165 165  79
  43 162 163 164 163 142  19 124 164 164 164 164 164 162 160  44
  16  72 141 164 163  69  59 164 165 165 165 165 163 141  65  17
  16  38 156 164 163 100 144 165 165 165 164 164 164 151  36  17
  48  16  62 150  68 152 164 164 165 165 140  84 152  51  16  50
 142  31  15  31  49 162 164 139 155 164 154  33  26  16  34 144
 160 146  41  15  15  40  80  70  78  73  41  15  16  49 143 164
 154 133  32  12  13  52 102  86 110 102  61  15  11  27 131 156
 131  19  11  32  41 152 156 141 155 156 140  21  42  12  25 132
  32  11  59 152  75 145 156 156 157 155 129  89 149  44  11  46
  11  39 150 158 158  85 127 155 156 157 157 156 155 142  27  11
  13  69 139 157 158  68  49 154 156 157 156 157 156 126  64  11
  44 155 158 159 158 137  24 113 158 157 157 156 157 155 153  27
  78 156 158 158 156 155  75  36 147 157 158 156 159 156 156  71
  44  94 157 157 159 157 141  12  53 157 157 157 158 155 100  47
  56 108 158 158 158 157 133  12  56 157 156 157 158 155  96  43
  82 157 158 158 158 157  75  45 155 157 158 156 156 156 157  70
  37 157 159 159 159 137  12 118 157 158 157 157 157 156 152  36
  10  67 137 159 157  64  55 154 157 157 156 157 159 133  59  11
  10  32 152 158 156  95 137 157 157 156 157 157 157 144  32  12
  41  10  57 145  62 146 158 157 156 156 132  79 147  46  11  44
 135  25  11  26  45 156 157 131 147 156 146  28  22  12  30 136
 155 141  36  11  11  36  74  64  73  67  34  11  11  44 137 156

 162 134  44  11  11  28  72  48  46  74  37  10  11  44 141 162
 131  23  11  27  66 159 161 101  98 161 157  58  31  11  31 142
  25  11  46 147 131 160 160 160 160 161 161 138 149  43  12  46
  10  43 154 161 161 161 161 161 162 162 161 161 161 151  20  11
  14  18  88 160 161 161 161 162 162 162 162 162 161  76  28  10
  62 143 131 160 161 161 161 162 162 162 162 162 163 136 152  32
 105 161 161 161 162 161 161 161 161 162 162 162 162 162 162  64
 112 160 161 161 161 162 151  49  55 158 162 162 162 163 150  69
  86 147 162 161 159 112  33  10  10  44 119 161 162 163 134  62
 106 162 161 127  47  22  78 146 138  77  10  52 140 162 161  73
  53 156 147  87  69 142 161 161 161 162 140  63  96 150 158  33
  12  38  76 161 161 162 162 162 162 162 163 161 161  60  43   9
  11  33 158 161 161 161 162 161 162 162 162 162 162 148  25  10
  32  11  60 154 140 160 161 161 161 161 161 138 154  54  11  39
 135  18  10  40  69 159 160  93 111 161 161  66  30  10  25 144
 159 134  31  10  13  43  78  44  57  81  35   9   8  40 139 159
 165 139  52  17  17  33  79  54  51  79  44  17  17  50 144 164
 137  31  16  33  72 161 162 109 104 165 160  65  36  16  34 143
  31  16  51 149 134 163 163 163 163 165 162 141 151  51  16  49
  16  47 155 163 163 164 162 163 164 164 164 163 164 152  26  16
  18  26  95 163 163 165 164 164 164 164 164 165 164  84  33  15
  64 147 136 162 165 164 164 164 165 164 164 165 164 140 154  41
 106 163 164 164 164 164 164 163 164 164 164 165 165 165 164  73
 116 162 164 165 164 164 155  59  62 161 164 165 165 165 155  78
  94 150 165 165 162 119  43  18  18  51 124 164 165 164 139  70
 110 164 165 133  55  30  83 150 142  84  19  59 144 164 164  80
  57 158 151  91  73 145 164 164 164 164 142  69 100 152 162  40
  18  45  81 162 163 163 164 164 164 164 163 163 163  68  49  15
  16  36 159 163 163 162 164 165 164 164 164 164 164 150  31  15
  38  16  64 156 145 162 163 163 163 164 163 141 156  62  15  41
 139  26  16  44  77 161 162 100 114 163 162  72  38  16  31 146
 161 138  39  16  19  49  84  50  61  88  43  16  16  48 142 160
 156 132  46  11  11  27  71  47  43  70  36  11  12  44 136 156
 131  25  11  27  64 153 156 100  96 157 152  59  32  11  30 137
  27  12  44 142 126 155 156 155 155 156 156 133 144  46  12  44
  11  42 149 155 156 157 159 158 158 156 157 159 157 147  22  11
  15  21  89 156 157 156 156 157 157 156 157 157 157  79  28  11
  61 140 129 157 156 157 158 157 156 158 157 156 157 132 146  34
 102 156 155 157 157 157 157 157 157 157 158 157 156 156 156  67
 110 155 157 156 156 158 147  53  56 155 157 157 157 156 147  73
  86 141 156 155 154 113  36  12  12  45 118 154 157 157 131  64
 102 156 156 127  49  24  75 141 133  75  12  55 137 158 157  74
  52 152 145  85  68 137 155 157 157 157 137  64  95 146 156  36
  13  41  75 158 158 158 156 159 158 158 159 157 156  62  45  11
  12  32 152 158 157 159 158 157 158 158 159 159 158 145  26  11
  32  11  59 150 139 158 158 157 158 158 159 137 152  57  11  36
 133  19  11  39  69 155 156  94 108 157 157  67  32  10  25 141
 154 131  32  11  13  44  78  44  56  82  37  10  10  41 135 155

 162 142  46  11  10  32  64  69  62  73  33   9  10  39 144 159
 141  31  12  20  28 152 162 150 134 161 158  43  25  11  25 139
  44  11  43 151  76 136 162 163 163 162 150  60 148  54  10  40
  11  31 149 161 161 163 162 162 162 140  96 161 162 154  30   8
  10  58 138 161 162 162 162 162 161  52  63 161 162 138  66   9
  37 157 161 161 162 162 162 162 119  10 140 163 162 161 161  35
  74 161 161 162 162 162 162 158  44  77 162 162 162 161 161  81
  46  98 160 162 162 162 161  55  10 138 161 162 162 161 111  57
  48 101 160 161 162 162 161  49  10 146 161 162 161 161  93  44
  72 161 160 161 161 161 161 151  33  78 161 162 162 161 160  78
  28 159 160 161 161 161 161 162 112  22 142 162 161 160 159  43
  11  66 131 161 161 161 162 161 159  47  69 161 161 140  69  13
  11  27 147 161 160 160 161 161 161 127  87 161 161 154  40  10
  44  11  46 154  88 131 161 161 162 161 147  76 158  60  10  31
 134  23  11  43  18 143 161 160 147 162 156  38  33  11  18 134
 162 131  25  10  14  62 105 112  86 106  53  12  11  32 135 159
 164 143  49  16  15  41  73  78  70  80  40  15  15  41 146 160
 144  34  16  26  33 154 164 155 139 164 162  49  31  15  31 142
  50  16  51 152  84 140 165 165 164 164 152  68 150  62  16  48
  17  36 151 164 164 164 165 165 165 144 100 163 164 156  38  16
  17  65 141 163 165 165 165 165 164  59  69 163 164 141  72  16
  44 160 162 164 164 164 164 164 124  19 142 163 164 163 162  43
  79 165 165 164 164 164 164 161  51  84 164 164 164 164 163  88
  51 104 163 164 164 165 164  62  18 142 164 164 164 163 114  61
  54 109 163 163 164 164 163  59  18 150 164 164 165 163 100  50
  79 162 163 162 164 164 164 155  43  83 164 164 164 163 162  84
  33 161 163 164 165 164 164 164 119  30 145 163 162 162 161  49
  17  72 134 163 163 165 164 164 162  55  73 163 163 145  77  19
  17  33 149 163 163 162 164 165 165 133  91 162 163 156  44  16
  52  16  51 155  95 136 164 164 165 165 151  81 159  64  16  39
 139  31  16  47  26 147 163 162 150 164 158  45  36  16  26 138
 165 137  31  16  18  64 106 116  94 110  57  18  16  38 139 161
 156 137  44  11  11  34  67  73  64  74  36  11  11  36 141 155
 136  30  12  22  28 146 156 147 131 157 156  45  26  11  25 135
  44  11  46 147  79 132 156 156 157 158 146  62 145  57  10  41
  12  32 144 157 157 157 156 157 157 137  95 156 158 152  32  10
  11  59 133 159 157 156 157 157 154  55  64 157 159 137  67  10
  36 152 156 157 157 157 158 157 118  12 137 159 159 159 157  37
  70 157 156 156 156 158 157 155  45  75 157 158 158 158 157  82
  43  96 155 158 157 156 157  56  12 133 157 158 158 158 108  56
  47 100 155 158 157 157 157  53  12 141 157 159 157 157  94  44
  71 156 156 159 156 158 157 147  36  75 155 156 158 158 156  78
  27 153 155 157 156 157 157 158 113  24 137 158 159 158 155  44
  11  64 126 156 157 156 157 156 154  49  68 158 157 139  69  13
  11  27 142 155 156 157 157 156 155 127  85 158 158 150  39  11
  46  11  44 149  89 129 155 157 156 156 145  75 152  59  11  32
 132  25  12  42  21 140 156 155 141 156 152  41  32  11  19 131
 156 131  27  11  15  61 102 110  86 102  52  13  12  32 133 154

