 152 152 153 152 153 153 154 154 153 146  75  76  62 117 155 157
 151 152 152 153 152 153 153 153 121  59 124 134  66 156 155 156
 152 152 153 154 152 153 147  77  77 149 153  55 137 155 155 155
 154 154 154 155 154 141  54 110 154 153 129  65 153 154 154 154
 153 154 154 154 154  42 125 153 153 153  67 130 153 154 155 154
 153 153 154 154 147  71 154 154 154 120  45 153 151 153 152 153
 143  89 128 153 127  83 153 153 121  35 128 154 154 154 153 155
  43  23 118 151 117  48 153 105  39 137 155 155 154 154 155 155
  63  41 103 121 118  13  35  63 150 154 154 154 154 154 153 153
  79  88  94  34  32  10  95 152 155 154 155 153 153 154 154 154
 151 152 149  79 139 113  31 117 153 154 154 154 154 154 154 154
 150 151 151 146 139 152 134  29 134 154 154 155 155 155 154 154
 151  99  68  60  45 143 155 111  46 155 156 155 156 155 155 155
  52  92 151 154 143  82 153 152  38 130 155 155 142  96  73  83
  67 150 152 152 153  81 117 153  84 113 118  49  59 110 144 154
  58 149 151 150 150  55 131 148  91  19  37 127 153 154 153 154
 158 158 159 159 159 159 160 160 160 152  83  87  70 125 161 162
 158 158 159 159 158 159 159 159 126  68 132 138  75 159 161 161
 158 158 159 159 159 159 153  84  88 155 159  63 142 159 160 160
 158 158 158 159 159 145  60 116 157 158 134  71 158 158 159 159
 158 158 158 159 157  51 131 157 158 157  72 136 158 158 159 159
 158 157 157 158 151  77 158 159 159 125  51 157 159 159 159 159
 149  92 134 158 132  88 157 158 129  44 136 159 159 160 160 160
  52  28 125 158 121  52 156 113  49 144 160 160 159 160 160 160
  72  48 112 127 123  20  42  73 156 160 160 160 160 160 160 160
  92  99 101  41  38  16 104 158 159 160 160 160 160 160 160 159
 157 156 156  87 145 120  40 123 159 160 160 160 160 160 160 160
 157 157 158 152 144 159 139  38 139 160 160 160 160 160 160 160
 156 104  74  66  52 148 158 112  52 158 160 160 160 160 160 160
  57 100 155 157 148  90 158 156  46 137 159 159 145 101  81  90
  74 156 157 157 157  87 123 157  88 120 124  57  66 116 150 160
  66 154 156 157 155  60 138 155  95  24  43 134 158 158 158 158
 152 152 153 153 153 154 155 155 155 148  78  82  68 121 156 156
 152 152 153 152 153 153 153 154 121  66 130 138  73 156 156 156
 152 152 153 154 153 154 147  79  81 151 155  61 139 155 155 155
 154 154 155 155 155 141  56 112 153 154 130  70 154 154 154 155
 153 154 154 155 152  46 127 153 153 153  70 133 154 154 155 155
 153 153 154 154 147  73 154 154 154 120  48 154 154 154 154 154
 144  89 131 153 128  85 154 154 125  41 131 155 155 155 155 156
  47  26 122 152 119  51 153 107  44 140 155 155 155 156 156 155
  69  46 109 121 119  15  38  65 150 155 155 155 155 155 155 155
  87  95  97  39  34  10  97 152 154 155 155 154 155 155 154 154
 151 151 151  82 141 114  34 117 154 155 155 155 155 155 155 155
 151 151 152 146 139 153 133  32 134 155 155 155 155 156 155 155
 152  99  71  62  48 144 155 109  48 155 156 156 156 156 156 155
  55  95 151 153 144  85 153 152  40 131 155 155 142  97  76  85
  71 152 153 153 153  82 119 154  84 113 119  52  60 110 145 154
  64 151 152 151 150  55 133 149  91  19  38 128 154 154 154 154

 157 156 155 154 154 153 155 155 153 154 154 154 155  83 154 154
 155 155 155 154 155 152 153 155 153 154 154 154 155  73 144 153
 117 156 155 154 154 153 154 154 154 154 154 155 155  96 110 154
  62  66 137 153 153 151 154 154 154 153 154 155 156 142  59 153
  76 134  55  65 130 153 154 155 154 153 154 155 155 155  49 127
  75 124 153 129  67  45 128 155 154 155 154 154 156 155 118  37
 146  59 149 153 153 120  35 137 154 154 154 154 155 130 113  19
 153 121  77 154 153 154 121  39 150 155 153 134  46  38  84  91
 154 153  77 110 153 154 153 105  63 152 117  29 111 152 153 148
 154 153 147  54 125 154 153 153  35  95  31 134 155 153 117 131
 153 153 153 141  42  71  83  48  13  10 113 152 143  82  81  55
 153 152 152 154 154 147 127 117 118  32 139 139  45 143 153 150
 152 153 154 155 154 154 153 151 121  34  79 146  60 154 152 150
 153 152 153 154 154 154 128 118 103  94 149 151  68 151 152 151
 152 152 152 154 154 153  89  23  41  88 152 151  99  92 150 149
 152 151 152 154 153 153 143  43  63  79 151 150 151  52  67  58
 162 161 160 159 159 159 160 160 160 159 160 160 160  90 160 158
 161 161 160 159 159 159 160 160 160 160 160 160 160  81 150 158
 125 159 159 158 158 159 160 160 160 160 160 160 160 101 116 158
  70  75 142 158 158 159 159 159 160 160 160 160 160 145  66 158
  87 138  63  71 136 157 159 160 160 160 160 160 160 159  57 134
  83 132 159 134  72  51 136 160 160 160 160 160 160 159 124  43
 152  68 155 158 157 125  44 144 160 160 160 160 158 137 120  24
 160 126  88 157 158 159 129  49 156 159 159 139  52  46  88  95
 160 159  84 116 157 159 158 113  73 158 123  38 112 156 157 155
 160 159 153  60 131 158 157 156  42 104  40 139 158 158 123 138
 159 159 159 145  51  77  88  52  20  16 120 159 148  90  87  60
 159 158 159 159 157 151 132 121 123  38 145 144  52 148 157 155
 159 159 159 159 159 158 158 158 127  41  87 152  66 157 157 157
 159 159 159 158 158 157 134 125 112 101 156 158  74 155 157 156
 158 158 158 158 158 157  92  28  48  99 156 157 104 100 156 154
 158 158 158 158 158 158 149  52  72  92 157 157 156  57  74  66
 156 156 155 155 155 154 156 155 155 154 155 155 155  85 154 154
 156 156 155 154 155 154 155 156 155 154 155 155 156  76 145 154
 121 156 155 154 154 154 155 156 155 155 155 156 156  97 110 154
  68  73 139 154 154 154 155 155 155 155 155 155 156 142  60 154
  82 138  61  70 133 154 155 155 155 154 155 155 156 155  52 128
  78 130 155 130  70  48 131 155 155 155 155 155 156 155 119  38
 148  66 151 154 153 120  41 140 155 155 155 155 155 131 113  19
 155 121  81 153 153 154 125  44 150 154 154 134  48  40  84  91
 155 154  79 112 153 154 154 107  65 152 117  32 109 152 154 149
 155 153 147  56 127 154 154 153  38  97  34 133 155 153 119 133
 154 153 154 141  46  73  85  51  15  10 114 153 144  85  82  55
 153 153 153 155 152 147 128 119 119  34 141 139  48 144 153 150
 153 152 154 155 155 154 153 152 121  39  82 146  62 153 153 151
 153 153 153 155 154 154 131 122 109  97 151 152  71 151 153 152
 152 152 152 154 154 153  89  26  46  95 151 151  99  95 152 151
 152 152 152 154 153 153 144  47  69  87 151 151 152  55  71  64

 154 153 154 153 127  37  19  91 148 131  55 150 150 151 149  58
 154 144 110  59  49 118 113  84 153 117  81 153 152 152 150  67
  83  73  96 142 155 155 130  38 152 153  82 143 154 151  92  52
 155 155 155 156 155 156 155  46 111 155 143  45  60  68  99 151
 154 154 155 155 155 154 154 134  29 134 152 139 146 151 151 150
 154 154 154 154 154 154 154 153 117  31 113 139  79 149 152 151
 154 154 154 153 153 155 154 155 152  95  10  32  34  94  88  79
 153 153 154 154 154 154 154 150  63  35  13 118 121 103  41  63
 155 155 154 154 155 155 137  39 105 153  48 117 151 118  23  43
 155 153 154 154 154 128  35 121 153 153  83 127 153 128  89 143
 153 152 153 151 153  45 120 154 154 154  71 147 154 154 153 153
 154 155 154 153 130  67 153 153 153 125  42 154 154 154 154 153
 154 154 154 153  65 129 153 154 110  54 141 154 155 154 154 154
 155 155 155 137  55 153 149  77  77 147 153 152 154 153 152 152
 156 155 156  66 134 124  59 121 153 153 153 152 153 152 152 151
 157 155 117  62  76  75 146 153 154 154 153 153 152 153 152 152
 158 158 158 158 134  43  24  95 155 138  60 155 157 156 154  66
 160 150 116  66  57 124 120  88 157 123  87 157 157 157 156  74
  90  81 101 145 159 159 137  46 156 158  90 148 157 155 100  57
 160 160 160 160 160 160 158  52 112 158 148  52  66  74 104 156
 160 160 160 160 160 160 160 139  38 139 159 144 152 158 157 157
 160 160 160 160 160 160 160 159 123  40 120 145  87 156 156 157
 159 160 160 160 160 160 160 159 158 104  16  38  41 101  99  92
 160 160 160 160 160 160 160 156  73  42  20 123 127 112  48  72
 160 160 160 159 160 160 144  49 113 156  52 121 158 125  28  52
 160 160 160 159 159 136  44 129 158 157  88 132 158 134  92 149
 159 159 159 159 157  51 125 159 159 158  77 151 158 157 157 158
 159 159 158 158 136  72 157 158 157 131  51 157 159 158 158 158
 159 159 158 158  71 134 158 157 116  60 145 159 159 158 158 158
 160 160 159 142  63 159 155  88  84 153 159 159 159 159 158 158
 161 161 159  75 138 132  68 126 159 159 159 158 159 159 158 158
 162 161 125  70  87  83 152 160 160 160 159 159 159 159 158 158
 154 154 154 154 128  38  19  91 149 133  55 150 151 152 151  64
 154 145 110  60  52 119 113  84 154 119  82 153 153 153 152  71
  85  76  97 142 155 155 131  40 152 153  85 144 153 151  95  55
 155 156 156 156 156 156 155  48 109 155 144  48  62  71  99 152
 155 155 156 155 155 155 155 134  32 133 153 139 146 152 151 151
 155 155 155 155 155 155 155 154 117  34 114 141  82 151 151 151
 154 154 155 155 154 155 155 154 152  97  10  34  39  97  95  87
 155 155 155 155 155 155 155 150  65  38  15 119 121 109  46  69
 155 156 156 155 155 155 140  44 107 153  51 119 152 122  26  47
 156 155 155 155 155 131  41 125 154 154  85 128 153 131  89 144
 154 154 154 154 154  48 120 154 154 154  73 147 154 154 153 153
 155 155 154 154 133  70 153 153 153 127  46 152 155 154 154 153
 155 154 154 154  70 130 154 153 112  56 141 155 155 155 154 154
 155 155 155 139  61 155 151  81  79 147 154 153 154 153 152 152
 156 156 156  73 138 130  66 121 154 153 153 153 152 153 152 152
 156 156 121  68  82  78 148 155 155 155 154 153 153 153 152 152

  58  67  52 151 150 151  79  63  43 143 153 153 154 152 151 152
 149 150  92  99 151 152  88  41  23  89 153 154 154 152 152 152
 151 152 151  68 151 149  94 103 118 128 154 154 154 153 152 153
 150 152 154  60 146  79  34 121 151 153 154 154 155 154 153 152
 150 153 143  45 139 139  32 118 117 127 147 154 154 152 152 153
  55  81  82 143 152 113  10  13  48  83  71  42 141 153 153 153
 131 117 153 155 134  31  95  35 153 153 154 125  54 147 153 154
 148 153 152 111  29 117 152  63 105 153 154 153 110  77 153 154
  91  84  38  46 134 153 155 150  39 121 154 153 154  77 121 153
  19 113 130 155 154 154 154 154 137  35 120 153 153 149  59 146
  37 118 155 156 154 154 155 154 155 128  45  67 129 153 124  75
 127  49 155 155 155 154 153 154 155 154 153 130  65  55 134  76
 153  59 142 156 155 154 153 154 154 154 151 153 153 137  66  62
 154 110  96 155 155 154 154 154 154 154 153 154 154 155 156 117
 153 144  73 155 154 154 154 153 155 153 152 155 154 155 155 155
 154 154  83 155 154 154 154 153 155 155 153 154 154 155 156 157
  66  74  57 156 157 157  92  72  52 149 158 158 158 158 158 158
 154 156 100 104 157 156  99  48  28  92 157 158 158 158 158 158
 156 157 155  74 158 156 101 112 125 134 157 158 158 159 159 159
 157 157 157  66 152  87  41 127 158 158 158 159 159 159 159 159
 155 157 148  52 144 145  38 123 121 132 151 157 159 159 158 159
  60  87  90 148 159 120  16  20  52  88  77  51 145 159 159 159
 138 123 158 158 139  40 104  42 156 157 158 131  60 153 159 160
 155 157 156 112  38 123 158  73 113 158 159 157 116  84 159 160
  95  88  46  52 139 159 159 156  49 129 159 158 157  88 126 160
  24 120 137 158 160 160 160 160 144  44 125 157 158 155  68 152
  43 124 159 160 160 160 160 160 160 136  51  72 134 159 132  83
 134  57 159 160 160 160 160 160 160 159 157 136  71  63 138  87
 158  66 145 160 160 160 160 160 159 159 159 158 158 142  75  70
 158 116 101 160 160 160 160 160 160 160 159 158 158 159 159 125
 158 150  81 160 160 160 160 160 160 160 159 159 159 160 161 161
 158 160  90 160 160 160 159 160 160 160 159 159 159 160 161 162
  64  71  55 152 151 151  87  69  47 144 153 153 154 152 152 152
 151 152  95  99 151 151  95  46  26  89 153 154 154 152 152 152
 152 153 151  71 152 151  97 109 122 131 154 154 155 153 153 153
 151 153 153  62 146  82  39 121 152 153 154 155 155 154 152 153
 150 153 144  48 139 141  34 119 119 128 147 152 155 153 153 153
  55  82  85 144 153 114  10  15  51  85  73  46 141 154 153 154
 133 119 153 155 133  34  97  38 153 154 154 127  56 147 153 155
 149 154 152 109  32 117 152  65 107 154 154 153 112  79 154 155
  91  84  40  48 134 154 154 150  44 125 154 153 153  81 121 155
  19 113 131 155 155 155 155 155 140  41 120 153 154 151  66 148
  38 119 155 156 155 155 155 155 155 131  48  70 130 155 130  78
 128  52 155 156 155 155 154 155 155 155 154 133  70  61 138  82
 154  60 142 156 155 155 155 155 155 155 154 154 154 139  73  68
 154 110  97 156 156 155 155 155 156 155 154 154 154 155 156 121
 154 145  76 156 155 155 154 155 156 155 154 155 154 155 156 156
 154 154  85 155 155 155 154 155 155 156 154 155 155 155 156 156

