   0   0   0   0   0 127 255 255 255 255 255 255 255 255 255 255
   0   0   0   0   0 127 255 255 255 255 255 255 255 255 255 255
   0   0   0   0   0 127 255 255 255 255 255 255 255 255 255 255
   0   0   0   0   0 127 255 255 255 255 255 255 255 255 255 255
   0   0   0   0   0 127 255 255 255 255 255 255 255 255 255 255
   0   0   0   0   0  63 127 127 127 127 159 255 255 255 255 255
   0   0   0   0   0   0   0   0   0   0  63 255 255 255 255 255
   0   0   0   0   0   0   0   0   0   0  63 255 255 255 255 255
   0   0   0   0   0   0   0   0   0   0  63 255 255 255 255 255
   0   0   0   0   0   0   0   0   0   0  63 255 255 255 255 255
   0   0   0   0   0  31  63  63  63  63 111 255 255 255 255 255
   0   0   0   0   0 127 255 255 255 255 255 255 255 255 255 255
   0   0   0   0   0 127 255 255 255 255 255 255 255 255 255 255
   0   0   0   0   0 127 255 255 255 255 255 255 255 255 255 255
   0   0   0   0   0 127 255 255 255 255 255 255 255 255 255 255
   0   0   0   0   0 127 255 255 255 255 255 255 255 255 255 255
   0   0   0   0   0 127 255 255 255 255 255 255 255 255 255 255
   0   0   0   0   0 127 255 255 255 255 255 255 255 255 255 255
   0   0   0   0   0 127 255 255 255 255 255 255 255 255 255 255
   0   0   0   0   0 127 255 255 255 255 255 255 255 255 255 255
   0   0   0   0   0 127 255 255 255 255 255 255 255 255 255 255
   0   0   0   0   0  63 127 127 127 127 159 255 255 255 255 255
   0   0   0   0   0   0   0   0   0   0  63 255 255 255 255 255
   0   0   0   0   0   0   0   0   0   0  63 255 255 255 255 255
   0   0   0   0   0   0   0   0   0   0  63 255 255 255 255 255
   0   0   0   0   0   0   0   0   0   0  63 255 255 255 255 255
   0   0   0   0   0  31  63  63  63  63 111 255 255 255 255 255
   0   0   0   0   0 127 255 255 255 255 255 255 255 255 255 255
   0   0   0   0   0 127 255 255 255 255 255 255 255 255 255 255
   0   0   0   0   0 127 255 255 255 255 255 255 255 255 255 255
   0   0   0   0   0 127 255 255 255 255 255 255 255 255 255 255
   0   0   0   0   0 127 255 255 255 255 255 255 255 255 255 255
   0   0   0   0   0 127 255 255 255 255 255 255 255 255 255 255
   0   0   0   0   0 127 255 255 255 255 255 255 255 255 255 255
   0   0   0   0   0 127 255 255 255 255 255 255 255 255 255 255
   0   0   0   0   0 127 255 255 255 255 255 255 255 255 255 255
   0   0   0   0   0 127 255 255 255 255 255 255 255 255 255 255
   0   0   0   0   0  63 127 127 127 127 159 255 255 255 255 255
   0   0   0   0   0   0   0   0   0   0  63 255 255 255 255 255
   0   0   0   0   0   0   0   0   0   0  63 255 255 255 255 255
   0   0   0   0   0   0   0   0   0   0  63 255 255 255 255 255
   0   0   0   0   0   0   0   0   0   0  63 255 255 255 255 255
   0   0   0   0   0  31  63  63  63  63 111 255 255 255 255 255
   0   0   0   0   0 127 255 255 255 255 255 255 255 255 255 255
   0   0   0   0   0 127 255 255 255 255 255 255 255 255 255 255
   0   0   0   0   0 127 255 255 255 255 255 255 255 255 255 255
   0   0   0   0   0 127 255 255 255 255 255 255 255 255 255 255
   0   0   0   0   0 127 255 255 255 255 255 255 255 255 255 255

 255 255 255 255 255 255 255 255 255 255 255 255 255 255 255 255
 255 255 255 255 255 255 255 255 255 255 255 255 255 255 255 255
 255 255 255 255 255 255 255 255 255 255 255 255 255 255 255 255
 255 255 255 255 255 255 255 255 255 255 255 255 255 255 255 255
 255 255 255 255 255 255 255 255 255 255 255 255 255 255 255 255
 255 255 255 255 255 159  63  63  63  63 111 255 255 255 255 255
 255 255 255 255 255 127   0   0   0   0  63 255 255 255 255 255
 255 255 255 255 255 127   0   0   0   0  63 255 255 255 255 255
 255 255 255 255 255 127   0   0   0   0  63 255 255 255 255 255
 255 255 255 255 255 127   0   0   0   0  63 255 255 255 255 255
 127 127 127 127 127  63   0   0   0   0  31 127 127 127 127 127
   0   0   0   0   0   0   0   0   0   0   0   0   0   0   0   0
   0   0   0   0   0   0   0   0   0   0   0   0   0   0   0   0
   0   0   0   0   0   0   0   0   0   0   0   0   0   0   0   0
   0   0   0   0   0   0   0   0   0   0   0   0   0   0   0   0
   0   0   0   0   0   0   0   0   0   0   0   0   0   0   0   0
 255 255 255 255 255 255 255 255 255 255 255 255 255 255 255 255
 255 255 255 255 255 255 255 255 255 255 255 255 255 255 255 255
 255 255 255 255 255 255 255 255 255 255 255 255 255 255 255 255
 255 255 255 255 255 255 255 255 255 255 255 255 255 255 255 255
 255 255 255 255 255 255 255 255 255 255 255 255 255 255 255 255
 255 255 255 255 255 159  63  63  63  63 111 255 255 255 255 255
 255 255 255 255 255 127   0   0   0   0  63 255 255 255 255 255
 255 255 255 255 255 127   0   0   0   0  63 255 255 255 255 255
 255 255 255 255 255 127   0   0   0   0  63 255 255 255 255 255
 255 255 255 255 255 127   0   0   0   0  63 255 255 255 255 255
 127 127 127 127 127  63   0   0   0   0  31 127 127 127 127 127
   0   0   0   0   0   0   0   0   0   0   0   0   0   0   0   0
   0   0   0   0   0   0   0   0   0   0   0   0   0   0   0   0
   0   0   0   0   0   0   0   0   0   0   0   0   0   0   0   0
   0   0   0   0   0   0   0   0   0   0   0   0   0   0   0   0
   0   0   0   0   0   0   0   0   0   0   0   0   0   0   0   0
 255 255 255 255 255 255 255 255 255 255 255 255 255 255 255 255
 255 255 255 255 255 255 255 255 255 255 255 255 255 255 255 255
 255 255 255 255 255 255 255 255 255 255 255 255 255 255 255 255
 255 255 255 255 255 255 255 255 255 255 255 255 255 255 255 255
 255 255 255 255 255 255 255 255 255 255 255 255 255 255 255 255
 255 255 255 255 255 159  63  63  63  63 111 255 255 255 255 255
 255 255 255 255 255 127   0   0   0   0  63 255 255 255 255 255
 255 255 255 255 255 127   0   0   0   0  63 255 255 255 255 255
 255 255 255 255 255 127   0   0   0   0  63 255 255 255 255 255
 255 255 255 255 255 127   0   0   0   0  63 255 255 255 255 255
 127 127 127 127 127  63   0   0   0   0  31 127 127 127 127 127
   0   0   0   0   0   0   0   0   0   0   0   0   0   0   0   0
   0   0   0   0   0   0   0   0   0   0   0   0   0   0   0   0
   0   0   0   0   0   0   0   0   0   0   0   0   0   0   0   0
   0   0   0   0   0   0   0   0   0   0   0   0   0   0   0   0
   0   0   0   0   0   0   0   0   0   0   0   0   0   0   0   0

 255 255 255 255 255 255 255 255 255 255 127   0   0   0   0   0
 255 255 255 255 255 255 255 255 255 255 127   0   0   0   0   0
 255 255 255 255 255 255 255 255 255 255 127   0   0   0   0   0
 255 255 255 255 255 255 255 255 255 255 127   0   0   0   0   0
 255 255 255 255 255 255 255 255 255 255 127   0   0   0   0   0
 255 255 255 255 255 111  63  63  63  63  31   0   0   0   0   0
 255 255 255 255 255  63   0   0   0   0   0   0   0   0   0   0
 255 255 255 255 255  63   0   0   0   0   0   0   0   0   0   0
 255 255 255 255 255  63   0   0   0   0   0   0   0   0   0   0
 255 255 255 255 255  63   0   0   0   0   0   0   0   0   0   0
 255 255 255 255 255 159 127 127 127 127  63   0   0   0   0   0
 255 255 255 255 255 255 255 255 255 255 127   0   0   0   0   0
 255 255 255 255 255 255 255 255 255 255 127   0   0   0   0   0
 255 255 255 255 255 255 255 255 255 255 127   0   0   0   0   0
 255 255 255 255 255 255 255 255 255 255 127   0   0   0   0   0
 255 255 255 255 255 255 255 255 255 255 127   0   0   0   0   0
 255 255 255 255 255 255 255 255 255 255 127   0   0   0   0   0
 255 255 255 255 255 255 255 255 255 255 127   0   0   0   0   0
 255 255 255 255 255 255 255 255 255 255 127   0   0   0   0   0
 255 255 255 255 255 255 255 255 255 255 127   0   0   0   0   0
 255 255 255 255 255 255 255 255 255 255 127   0   0   0   0   0
 255 255 255 255 255 111  63  63  63  63  31   0   0   0   0   0
 255 255 255 255 255  63   0   0   0   0   0   0   0   0   0   0
 255 255 255 255 255  63   0   0   0   0   0   0   0   0   0   0
 255 255 255 255 255  63   0   0   0   0   0   0   0   0   0   0
 255 255 255 255 255  63   0   0   0   0   0   0   0   0   0   0
 255 255 255 255 255 159 127 127 127 127  63   0   0   0   0   0
 255 255 255 255 255 255 255 255 255 255 127   0   0   0   0   0
 255 255 255 255 255 255 255 255 255 255 127   0   0   0   0   0
 255 255 255 255 255 255 255 255 255 255 127   0   0   0   0   0
 255 255 255 255 255 255 255 255 255 255 127   0   0   0   0   0
 255 255 255 255 255 255 255 255 255 255 127   0   0   0   0   0
 255 255 255 255 255 255 255 255 255 255 127   0   0   0   0   0
 255 255 255 255 255 255 255 255 255 255 127   0   0   0   0   0
 255 255 255 255 255 255 255 255 255 255 127   0   0   0   0   0
 255 255 255 255 255 255 255 255 255 255 127   0   0   0   0   0
 255 255 255 255 255 255 255 255 255 255 127   0   0   0   0   0
 255 255 255 255 255 111  63  63  63  63  31   0   0   0   0   0
 255 255 255 255 255  63   0   0   0   0   0   0   0   0   0   0
 255 255 255 255 255  63   0   0   0   0   0   0   0   0   0   0
 255 255 255 255 255  63   0   0   0   0   0   0   0   0   0   0
 255 255 255 255 255  63   0   0   0   0   0   0   0   0   0   0
 255 255 255 255 255 159 127 127 127 127  63   0   0   0   0   0
 255 255 255 255 255 255 255 255 255 255 127   0   0   0   0   0
 255 255 255 255 255 255 255 255 255 255 127   0   0   0   0   0
 255 255 255 255 255 255 255 255 255 255 127   0   0   0   0   0
 255 255 255 255 255 255 255 255 255 255 127   0   0   0   0   0
 255 255 255 255 255 255 255 255 255 255 127   0   0   0   0   0

   0   0   0   0   0   0   0   0   0   0   0   0   0   0   0   0
   0   0   0   0   0   0   0   0   0   0   0   0   0   0   0   0
   0   0   0   0   0   0   0   0   0   0   0   0   0   0   0   0
   0   0   0   0   0   0   0   0   0   0   0   0   0   0   0   0
   0   0   0   0   0   0   0   0   0   0   0   0   0   0   0   0
 127 127 127 127 127  31   0   0   0   0  63 127 127 127 127 127
 255 255 255 255 255  63   0   0   0   0 127 255 255 255 255 255
 255 255 255 255 255  63   0   0   0   0 127 255 255 255 255 255
 255 255 255 255 255  63   0   0   0   0 127 255 255 255 255 255
 255 255 255 255 255  63   0   0   0   0 127 255 255 255 255 255
 255 255 255 255 255 111  63  63  63  63 159 255 255 255 255 255
 255 255 255 255 255 255 255 255 255 255 255 255 255 255 255 255
 255 255 255 255 255 255 255 255 255 255 255 255 255 255 255 255
 255 255 255 255 255 255 255 255 255 255 255 255 255 255 255 255
 255 255 255 255 255 255 255 255 255 255 255 255 255 255 255 255
 255 255 255 255 255 255 255 255 255 255 255 255 255 255 255 255
   0   0   0   0   0   0   0   0   0   0   0   0   0   0   0   0
   0   0   0   0   0   0   0   0   0   0   0   0   0   0   0   0
   0   0   0   0   0   0   0   0   0   0   0   0   0   0   0   0
   0   0   0   0   0   0   0   0   0   0   0   0   0   0   0   0
   0   0   0   0   0   0   0   0   0   0   0   0   0   0   0   0
 127 127 127 127 127  31   0   0   0   0  63 127 127 127 127 127
 255 255 255 255 255  63   0   0   0   0 127 255 255 255 255 255
 255 255 255 255 255  63   0   0   0   0 127 255 255 255 255 255
 255 255 255 255 255  63   0   0   0   0 127 255 255 255 255 255
 255 255 255 255 255  63   0   0   0   0 127 255 255 255 255 255
 255 255 255 255 255 111  63  63  63  63 159 255 255 255 255 255
 255 255 255 255 255 255 255 255 255 255 255 255 255 255 255 255
 255 255 255 255 255 255 255 255 255 255 255 255 255 255 255 255
 255 255 255 255 255 255 255 255 255 255 255 255 255 255 255 255
 255 255 255 255 255 255 255 255 255 255 255 255 255 255 255 255
 255 255 255 255 255 255 255 255 255 255 255 255 255 255 255 255
   0   0   0   0   0   0   0   0   0   0   0   0   0   0   0   0
   0   0   0   0   0   0   0   0   0   0   0   0   0   0   0   0
   0   0   0   0   0   0   0   0   0   0   0   0   0   0   0   0
   0   0   0   0   0   0   0   0   0   0   0   0   0   0   0   0
   0   0   0   0   0   0   0   0   0   0   0   0   0   0   0   0
 127 127 127 127 127  31   0   0   0   0  63 127 127 127 127 127
 255 255 255 255 255  63   0   0   0   0 127 255 255 255 255 255
 255 255 255 255 255  63   0   0   0   0 127 255 255 255 255 255
 255 255 255 255 255  63   0   0   0   0 127 255 255 255 255 255
 255 255 255 255 255  63   0   0   0   0 127 255 255 255 255 255
 255 255 255 255 255 111  63  63  63  63 159 255 255 255 255 255
 255 255 255 255 255 255 255 255 255 255 255 255 255 255 255 255
 255 255 255 255 255 255 255 255 255 255 255 255 255 255 255 255
 255 255 255 255 255 255 255 255 255 255 255 255 255 255 255 255
 255 255 255 255 255 255 255 255 255 255 255 255 255 255 255 255
 255 255 255 255 255 255 255 255 255 255 255 255 255 255 255 255

